9435 23121 318.008 237.661 118.177 -42.6016 4.51077
9435 25017 183.446 -280.969 -103.312 384.021 4.45892
9435 25989 178.103 -280.809 -50.8121 -406.696 4.77866
9435 30177 138.859 -74.9199 114.967 -387.319 3.60929
9435 30717 123.421 -218.284 103.755 125.373 2.96926
9435 32229 70.9369 -328.571 59.1352 605.261 3.9305
9435 39213 63.3184 284.718 -40.238 270.019 3.86919
9435 945 95.2304 -205.882 8.59501 -521.924 1.99327
9435 40209 80.6034 316.651 -47.4572 -202.737 4.87368
9435 46701 223.351 234.706 -123.024 -90.9686 1.00002
9435 47313 84.3939 -202.699 -19.3976 853.343 4.06511
9435 49221 138.209 -278.859 -174.406 509.835 2.06256
9435 4785 93.4722 127.312 -80.5913 -755.442 3.95072
9435 5061 331.986 241.336 90.3271 355.426 5.27783
9435 6105 75.1377 -242.77 6.72796 -203.901 5.3963
9435 8025 137.033 -286.449 22.2905 280.508 2.26569
9435 17158 180.847 251.142 58.3872 -215.999 2.09267
9435 18106 133.701 265.455 -115.083 -622.306 2.58008
9435 26854 106.183 223.722 54.1005 603.33 2.36769
9435 29230 188.412 -229.857 118.855 234.8 0.965254
9435 30550 354.522 200.899 -65.3345 -291.565 5.646
9435 682 175.413 263.207 -72.9192 -419.439 4.25292
9435 706 117.228 329.215 -97.946 -396.683 4.46569
9435 778 135.602 339.884 -106.249 288.288 4.35976
9435 37834 164.234 -334.351 -97.3983 794.824 5.23592
9435 41062 109.644 -68.259 99.1749 -662.508 5.04773
9435 44818 73.7673 -331.545 -73.7315 -148.78 5.61259
9435 46282 151.961 -277.538 117.373 591.414 4.72261
9435 49822 129.537 -102.272 50.8455 -386.104 2.69459
9435 3166 281.788 268.3 74.8889 241.735 4.38329
9435 5770 114.327 -104.339 -129.35 -180.248 4.10393
9435 6262 200.819 -125.214 -140.551 -199.927 9.60311
9435 11086 233.307 -130.472 43.4319 -214.447 4.32822
9435 11362 181.019 124.075 57.8214 389.845 10.0619
9435 12478 102.931 241.176 113.54 741.559 3.44231
9435 15814 366.045 -121.564 68.2769 563.712 4.25081
9435 19559 149.564 86.0374 76.2642 733.412 1.91253
9435 21455 210.708 -107.261 -0.849341 -452.013 4.96678
9435 22751 134.984 -272.528 2.29151 -691.698 5.75215
9435 30719 74.1999 -202.654 -38.95 780.367 4.05639
9435 36011 135.075 198.092 41.7814 -680.804 4.62412
9435 36179 93.1789 221.707 93.2556 -735.742 1.91368
9435 40835 299.639 -302.737 -46.0921 784.653 3.50398
9435 43607 312.607 243.676 -167.148 -4.32994 2.08191
9435 45779 249.838 264.624 -41.8073 -154.348 1.78793
9435 47063 303.126 -318.629 -49.2844 313 3.64415
9435 2147 92.5981 -192.721 59.0387 -372.977 4.0102
9435 13679 155.667 -231.29 -82.8399 302.125 4.34766
9435 17147 58.2869 114.365 5.95861 -696.306 0.74638
9435 19992 103.418 -315.061 25.3083 527.614 5.58884
9435 22008 156.485 -67.8107 -98.3814 23.8138 5.02864
9435 22704 224.964 325.951 127.74 -753.277 2.70988
9435 22884 157.193 109.446 -36.662 317.039 2.66035
9435 27360 136.734 66.9847 7.0943 -543.939 3.51084
9435 28956 178.62 -353.053 -29.8637 698.521 4.95697
9435 33792 166.828 -161.789 -6.35851 -725.401 4.75372
9435 36936 66.4253 276.291 -121.615 -514.061 5.06947
9435 39012 342.789 208.658 129.931 258.784 1.78306
9435 43860 160.631 261.268 -111.978 728.112 1.81083
9435 10476 177.888 -83.7931 -53.2627 94.7423 5.06697
9435 12588 152.492 -315.702 -4.36426 427.39 5.65928
9435 15096 83.8406 -210.102 -173.401 323.378 1.73333
9435 15180 107.442 283.767 34.983 -736.73 2.23165
9435 21229 213.46 217.04 80.8088 66.5594 3.37541
9435 26041 286.722 327.454 -141.404 -282.46 4.84436
9435 27229 213.405 290.471 -25.1876 -506.266 6.85454
9435 29137 116.855 -290.626 -34.2482 795.044 0.998458
9435 30037 470.107 -176.637 -159.011 86.9887 3.56931
9435 30061 95.4666 -168.759 -16.199 497.038 5.20071
9435 31261 73.1997 255.219 -21.9248 -342.57 4.26208
9435 34021 191.303 254.694 26.7137 -514.737 4.27536
9435 38137 156.115 205.827 -149.235 104.434 3.36189
9435 38929 393.936 -169.836 128.159 372.53 1.41716
9435 41245 387.261 308.916 -141.03 628.503 4.51516
9435 2269 100.148 255.973 20.9392 295.914 8.45234
9435 3985 140.856 152.477 -14.3489 610.889 3.55515
9435 7417 189.957 272.42 -141.25 192.494 7.88107
9435 15949 153.313 251.285 36.0283 258.245 5.79219
9435 16273 66.3035 -219.588 95.108 354.434 5.67582
9435 17905 110.714 171.206 96.5399 -538.469 1.42066
9435 18698 135.252 -184.047 -82.7162 860.952 4.69305
9435 18734 503.2 210.141 91.088 43.466 2.82223
9435 19286 68.7338 -326.897 -75.8401 -853.433 7.90874
9435 28046 121.468 160.452 123.459 653.267 4.93955
9435 28730 151.853 109.472 48.6604 271.776 3.5269
9435 33590 302.163 -299.886 -90.3489 602.907 6.10199
9435 35234 269.653 -310.442 -82.2992 366.499 4.65144
9435 42962 268 318.995 -134.058 95.7606 3.6613
9435 43250 58.1222 -254.235 -63.5959 -171.394 1.59364
9435 44594 456.774 -110.512 -103.366 711.361 4.93827
9435 5474 205.089 278.135 -155.552 164.782 2.02563
9435 6734 64.717 139.458 119.573 -311.333 0.925208
9435 11546 303.415 327.383 117.299 67.2892 5.12589
9435 12686 226.203 296.11 -71.228 -97.2028 2.85549
9435 13142 62.3756 238.769 -98.7711 254.694 4.91895
9435 13274 153.69 311.94 -4.0926 -560.181 3.00939
9435 16298 78.4262 288.731 -18.116 -336.046 4.65351
9435 22983 318.792 108.209 -52.0995 -364.863 13.7649
9435 24279 546.093 296.091 98.5823 -180.48 5.08247
9435 25131 198.025 211.515 62.7859 -186.311 4.1949
9435 26691 147.641 118.012 -67.9958 -483.03 1.98296
9435 30039 335.07 -272.637 1.57724 349.905 2.30557
9435 30603 55.6017 137.862 46.884 452.423 3.56885
9435 35439 210.774 -348.742 -104.713 -110.196 4.78537
9435 37635 78.1863 130.343 -23.5051 -12.4153 2.08616
9435 38607 59.7 -249.322 -95.3801 -271.25 4.9088
9435 38775 55.7773 178.36 -49.5873 534.637 3.01398
9435 303 198.087 71.4294 -39.0464 459.887 3.46284
9435 40695 408.387 135.366 -129.737 -91.5755 4.23225
9435 44331 241.824 -182.054 99.8998 225.063 2.49444
9435 49167 104.149 212.312 59.4967 -743.539 3.59412
9435 6255 458.013 -339.588 -156.282 812.747 6.07544
9435 6807 95.2901 -241.625 36.5292 -356.791 4.08311
9435 9711 315.135 189.751 89.7556 -4.3459 1.61437
9435 10863 314.555 -303.609 92.7705 361.493 3.89346
9435 12531 184.813 -291.24 -60.8654 609.366 5.17512
9435 12699 113.391 -217.101 105.583 146.471 3.61624
9435 640 64.6737 -106.225 -41.3625 257.206 3.99947
9435 46684 241.088 -262.399 102.693 105.903 2.70119
9435 2440 70.8591 239.436 106.945 -873.083 -1
9435 3712 102.636 75.5654 -36.5165 -620.378 0.614742
9435 6712 157.322 -320.523 -142.763 381.773 4.52576
9435 8524 339.244 -270.708 -7.25213 688.084 6.98553
9435 9868 389.22 138.846 -153.377 -182.567 2.29799
9435 12148 57.8639 179.119 -131.549 -802.868 5.18624
9435 15724 193.969 -191.438 -29.369 803.091 4.43143
9435 17344 135.692 146.018 13.5702 347.67 4.53255
9435 19097 343.247 301.829 35.2198 -232.951 4.34824
9435 25277 116.418 225.229 70.7713 472.791 4.83572
9435 30125 93.7846 226.658 33.0052 -715.93 1.71796
9435 30989 198.295 205.098 -8.8351 -157.622 4.16743
9435 36113 110.522 247.714 -148.82 751.821 5.22614
9435 37817 277.528 194.088 -92.3785 354.911 2.24901
9435 39905 228.868 -166.945 -30.2428 416.444 4.83399
9435 45329 276.289 -170.124 4.03227 -569.388 5.40214
9435 46097 204.531 345.928 127.974 650.164 5.11909
9435 49121 127.033 112.159 26.1231 860.742 2.64649
9435 5261 162.087 -87.7059 79.0173 308.543 1.49142
9435 8621 337.65 -88.1159 37.5258 723.225 4.39869
9435 10253 290.865 208.164 -123.846 -582.705 4.02749
9435 11489 170.702 -130.927 -93.8427 -416.045 2.95073
9435 13769 105.815 -187.741 21.4683 598.277 3.11247
9435 16661 51.7643 -148.156 -89.3046 809.756 2.22496
9435 22638 363.297 113.056 -101.256 705.635 4.5956
9435 26010 64.3192 168.818 -10.374 -628.076 1.91376
9435 30186 544.575 -147.568 44.819 305.207 4.68738
9435 36354 148.267 -224.944 -59.0668 -254.323 4.59086
9435 8802 134.13 188.708 -31.947 -697.427 4.26597
9435 8946 58.8669 -319.961 80.3912 -739.771 0.643179
9435 12750 112.539 -179.225 50.6485 444.735 3.88691
9435 14562 431.83 307.676 0.57891 207.363 4.84497
9435 19387 149.596 -291.82 -175.909 -715.83 1.75537
9435 23191 540.953 280.39 -112.226 -151.257 4.20468
9435 31903 66.4287 -227.373 52.8166 252.959 3.23938
9435 32539 234.095 131.385 -40.5491 -123.55 4.29395
9435 34291 60.0406 351.442 2.49676 83.0473 4.24411
9435 35443 52.2767 -82.9882 -56.0668 742.023 2.24304
9435 35527 316.034 -309.923 78.2732 -274.65 5.18301
9435 727 125.245 283.698 -25.6642 509.766 2.91298
9435 40291 61.4486 232.289 3.06567 640.795 4.77687
9435 40375 353.066 -101.925 54.8588 326.715 4.48279
9435 41323 194.475 -309.271 61.3442 -294.597 3.77805
9435 44407 81.9381 285.75 -57.6796 -265.349 -1
9435 45283 106.871 347.789 88.0055 -672.586 1.32623
9435 46447 205.119 -210.047 -78.9969 -477.604 2.78503
9435 47731 50.3796 77.5045 -72.6254 77.283 5.34745
9435 2851 59.9996 179.326 73.1371 62.7471 -1
9435 6595 314.126 102.236 85.9069 -77.5332 2.48162
9435 7051 65.0048 -210.611 -172.072 -682.266 1.88479
9435 8227 244.154 69.7493 -140.263 -500.359 3.56958
9435 12403 229.386 -315.77 -97.8562 761.094 1.68553
9435 19112 77.1193 -282.947 52.237 646.729 7.03594
9435 21128 250.278 -190.16 -156.882 -347.289 3.18073
9435 21356 306.116 294.943 22.6111 344.837 5.13773
9435 26240 424.369 -162.766 44.7422 559.447 4.72551
9435 29288 263.415 173.142 -82.4862 -74.1295 4.20959
9435 32324 181.803 113.541 123.869 -638.188 -1
9435 38660 198.413 110.694 -69.2088 -611.506 3.61231
9435 41420 137.989 -146.464 48.2078 889.506 3.409
9435 42884 121.953 -191.398 109.156 -727.997 1.85137
9435 45488 213.096 -119.594 111.875 858.224 4.99823
9435 47756 77.0789 -113.461 18.344 -70.1236 1.9579
