9435 23121 317.403 237.653 118.484 -42.3011 4.53334
9435 30717 122.233 -217.783 103.768 124.937 2.8494
9435 39213 62.8107 284.424 -40.0664 269.172 5.51733
9435 40209 50.3902 292.952 -32.0866 -199.468 1.679
9435 46701 227.475 234.563 -122.319 -89.6748 2.18256
9435 47313 82.3221 -202.807 -19.6992 853.321 4.26759
9435 47817 192.575 267.069 31.8877 -261.061 4.59521
9435 5061 328.991 240.641 88.8212 353.795 5.42691
9435 6105 66.897 -242.634 6.44246 -205.062 4.9516
9435 6465 53.3306 -210.572 5.41251 365.602 -1
9435 10449 125.73 -106.476 90.6566 168.125 1.41194
9435 16677 230.649 323.039 -26.9655 78.7639 2.9841
9435 17769 275.953 188.857 -171.695 666.047 2.33009
9435 17158 194.434 252.236 69.7628 -210.664 6.74614
9435 18106 133.405 265.205 -115.122 -621.989 3.09577
9435 19510 189.775 -251.577 31.6455 -233.996 1.70213
9435 21034 132.927 -154.016 -69.194 443.609 1.93031
9435 22462 92.9415 207.83 -87.6529 -641.75 2.16103
9435 26902 131.718 130.107 -166.207 72.5313 1.7752
9435 29230 183.536 -227.494 115.536 233.194 1.05364
9435 32914 57.8877 -150.325 -121.056 467.119 2.03162
9435 37834 166.064 -335.238 -99.4477 794.182 12.0176
9435 44818 72.2443 -331.452 -72.8876 -148.789 3.5651
9435 46282 152.161 -277.452 117.641 591.428 4.64533
9435 49822 129.844 -102.38 51.1974 -385.641 2.61946
9435 3166 285.545 268.259 74.412 241.994 4.42173
9435 5770 90.9274 -124.933 -123.304 -173.071 2.27341
9435 6262 201.047 -125.288 -140.764 -199.727 -1
9435 10270 96.0988 217.118 -93.7435 759.254 1.98599
9435 14566 150.23 -75.0985 67.1258 -267.355 5.03181
9435 15814 366.735 -121.546 67.9366 563.936 4.50713
9435 16138 196.945 -67.0511 -132.101 302.492 -1
9435 21455 208.24 -107.896 -2.05732 -453.752 4.73514
9435 21515 140.818 130.291 17.3834 542.931 4.95079
9435 22751 134.473 -272.324 2.44928 -691.883 6.04113
9435 36179 93.2716 221.642 93.5849 -735.828 2.07818
9435 36467 173.095 -237.821 67.8483 377.693 4.8401
9435 43463 391.603 -285.383 66.2864 560.696 2.53686
9435 47063 302.764 -318.632 -49.2932 313.076 3.6809
9435 48179 79.3304 -126.08 -75.0121 455.519 -1
9435 2147 82.9438 -192.796 59.1412 -373.226 4.55654
9435 17147 95.279 208.772 27.2923 -716.549 2.6494
9435 22884 132.232 128.846 -24.9199 308.929 2.05704
9435 36936 66.9596 276.389 -122.28 -514.255 5.45266
9435 43860 159.127 261.122 -112.113 726.621 1.68053
9435 49116 52.9757 115.219 -26.5644 146.658 3.45437
9435 2880 132.217 77.3546 -169.409 249.396 5.29342
9435 12348 754.002 173.706 83.0906 90.8807 1.5133
9435 15096 84.3911 -210.21 -173.784 323.317 -1
9435 15180 106.337 282.978 34.3931 -736.091 4.87139
9435 21229 216.553 219.594 82.1731 69.705 6.03853
9435 21949 75.9711 82.3428 -34.4231 739.297 3.5784
9435 29137 112.695 -290.099 -35.3469 795.956 0.595612
9435 29749 181.867 99.2846 -144.695 247.122 4.55344
9435 31261 62.5182 254.89 -22.1968 -342.724 4.52382
9435 34021 89.1261 168.785 35.0388 -569.147 1.63651
9435 34573 149.322 322.232 -175.199 780.996 2.53118
9435 35797 390.034 304.42 25.591 278.727 8.67557
9435 45769 323.111 112.016 -30.1897 757.993 2.58067
9435 3985 134.161 152.571 -14.5938 610.86 3.88608
9435 5809 101.373 343.131 -72.1225 228.181 1.48077
9435 7417 189.361 272.34 -141.461 192.606 4.75705
9435 10621 121.142 -164.039 16.0478 110.452 -1
9435 15949 152.357 251.241 35.9216 258.237 5.54965
9435 16273 66.5126 -219.729 95.0943 354.385 7.52389
9435 17905 109.311 172.11 95.4611 -539.33 4.06735
9435 19286 66.757 -325.177 -73.2045 -852.882 3.01481
9435 28046 120.798 160.452 123.78 653.523 4.86215
9435 28058 73.8124 -83.9259 -130.314 586.319 -1
9435 29318 126.45 -101.952 27.6664 -754.398 6.46188
9435 30434 70.0029 305.923 2.81038 322.387 4.26459
9435 39038 57.8001 -309.485 -34.8984 -797.29 1.79755
9435 41186 141.868 140.109 -53.5342 -424.605 2.47527
9435 42962 268.822 319.423 -133.118 96.6697 4.74074
9435 43250 52.3593 -256.372 -68.1669 -171.629 1.038
9435 49358 82.7023 -209.808 -59.1979 514.211 1.27195
9435 1958 320.128 130.229 71.5055 -149.68 3.39062
9435 5474 201.663 277.136 -154.397 162.107 4.18617
9435 8222 119.343 -325.244 -106.935 -156.554 -1
9435 22983 318.281 108.175 -51.329 -364.507 13.9475
9435 24279 546.235 295.941 98.6395 -180.852 5.20503
9435 25131 206.401 212.024 65.2081 -187.537 3.37038
9435 35439 207.257 -349.882 -105.355 -107.978 4.15823
9435 40695 410.938 134.643 -127.968 -88.5462 5.27991
9435 43287 85.8022 213.579 -7.99002 661.129 3.66781
9435 44331 241.229 -182.415 99.9639 224.883 2.09005
9435 48339 70.0427 287.051 -146.859 -590.225 1.88662
9435 6255 463.397 -339.501 -156.182 812.917 6.20631
9435 6807 94.8168 -241.25 36.1426 -356.611 4.38789
9435 10863 311.489 -303.154 92.3042 361.121 4.47042
9435 12531 183.554 -291.121 -60.9661 608.561 5.0407
9435 12699 108.52 -216.516 106.445 147.099 5.38873
9435 16239 57.3957 -317.98 41.4777 -674.123 4.71214
9435 20056 191.227 -220.943 120.411 668.768 1.81457
9435 640 66.3512 -106.08 -41.9237 256.212 4.44093
9435 44308 170.526 72.6305 -99.9182 331.498 7.38545
9435 2440 70.4428 239.173 106.727 -872.687 -1
9435 3712 100.995 76.1695 -38.7353 -620.487 -1
9435 3964 72.9276 -67.6594 6.78311 598.006 2.0097
9435 6712 156.964 -320.292 -140.96 382.707 4.71964
9435 8524 338.13 -270.661 -6.4837 688.175 6.63124
9435 12148 58.0212 179.028 -131.573 -802.762 5.5109
9435 17453 267.834 -177.006 20.8552 244.124 4.75446
9435 25049 131.773 144.852 -18.3154 -417.089 2.23973
9435 25277 116.349 225.158 70.0313 473.706 5.22761
9435 30989 198.575 206.078 -8.07925 -157.697 4.81308
9435 32093 817.961 243.565 71.6309 805.11 1.68715
9435 36113 109.647 247.363 -148.497 752.146 5.20546
9435 37817 270.583 192.72 -91.5912 348.994 6.56524
9435 641 51.0438 99.1753 -24.0444 -55.8993 4.78261
9337 33786 159.85 336.2 112.571 395.049 7.90657
9337 35178 191.69 -250.879 -56.378 806.275 3.18917
9435 42593 122.778 210.009 -42.3681 596.961 -1
9435 5261 158.521 -87.7471 78.7983 308.7 2.14737
9435 6641 187.295 245.128 -105.454 -363.606 5.71097
9435 9761 338.346 -187.289 53.8478 -534.724 2.90219
9435 10253 291.861 208.12 -124.184 -582.76 4.1462
9435 11489 174.827 -131.084 -93.6362 -416.556 2.92498
9435 12929 113.702 -91.0187 -116.499 -213.19 2.19041
9435 13769 104.79 -188.28 22.2431 598.548 3.58754
9435 22638 360.959 113.179 -101.229 705.41 4.9751
9435 22674 173.439 320.611 -34.7442 682.159 2.34612
9435 36354 148.867 -224.771 -59.2545 -254.078 5.1524
9435 36786 305.375 -210.322 -169.3 652.912 4.69734
9435 8946 58.2045 -319.493 80.2991 -740.306 0.880485
9435 11874 180.414 -175.972 -75.7131 -508.054 4.73729
9435 12750 108.892 -180.358 50.8949 443.397 4.31808
9435 12858 78.7061 153.187 49.5077 644.145 4.23892
9435 16566 68.7827 157.917 -68.765 -50.5993 4.01732
9435 27655 53.0668 -251.447 -76.2228 678.307 5.1274
9435 30367 68.3308 242.917 -102.083 -522.081 5.47976
9435 31903 66.5459 -227.242 52.4704 252.747 3.23334
9435 32539 232.06 131.924 -40.2572 -124.067 4.27247
9435 35527 313.214 -309.055 80.0239 -276.044 4.58752
9435 36499 84.6678 -233.112 38.3939 -756.47 4.89262
9435 727 127.707 283.902 -27.9105 511.626 2.76419
9435 40291 60.6634 231.977 3.02177 640.46 4.61749
9435 40375 354.599 -102.029 56.4058 328.223 4.94281
9435 41323 194.545 -309.296 61.5449 -294.424 4.0771
9435 47719 736.133 194.814 -27.4813 619.053 4.60799
9435 2851 58.6154 179.488 73.705 63.2591 3.96316
9435 6595 313.311 102.423 86.377 -77.321 2.40805
9435 9871 486.142 -87.3925 -101.628 758.832 0.916137
9435 19112 74.9337 -282.129 52.0451 645.939 5.68514
9435 21056 271.926 -313.749 -49.7569 504.54 2.71187
9435 21128 248.966 -190.828 -156.222 -347.524 5.03884
9435 21356 304.725 294.73 21.7905 344.606 5.39048
9435 25040 183.194 123.291 -126.3 -750.685 2.21646
9435 29288 262.037 173.17 -82.1413 -73.8304 4.69227
9435 32096 57.0681 92.8237 0.629807 -807.451 -1
9435 38492 284.468 -131.366 85.0331 567.943 7.98499
9435 38660 200.144 109.045 -69.7531 -609.815 5.34071
9435 40460 170.934 -138.738 -40.8585 512.716 2.3775
9435 42884 120.747 -190.84 108.83 -728.818 1.87004
9435 45488 211.381 -119.587 111.649 858.098 4.68737
9435 4112 93.7629 -187.606 39.4411 -2.13281 2.12336
